Valid folder and file names
File : ASSG1_B230755CS_ADIMULAM_6.c
Execution time: 1 ms
File size: 494 Bytes
Testcase #10: Correct

Input:
99
983 5721 3984 2156 6478 1093 8314 5023 746 3892 5629 1178 6945 2801 8479 1492 9357 6036 4105 7653 2187 3690 5248 8762 1579 7412 6283 4698 2043 8901 4326 1987 5794 3629 9165 7843 2458 6811 3087 5204 1785 9368 4512 7264 5917 3402 9856 6179 2034 8741 5275 1496 6923 8076 3149 6780 4213 9350 5863 1752 8239 4680 3947 9562 7298 2417 5791 3026 1693 8275 4158 7023 5981 2385 9642 6834 3405 5081 8213 3719 9548 1274 8960 6331 4056 7589 2812 6245 4897 7421 1570 8394 5627 3904 1049 8642 2176 7035 5468


Your Output:
746 983 1049 1093 1178 1274 1492 1496 1570 1579 1693 1752 1785 1987 2034 2043 2156 2176 2187 2385 2417 2458 2801 2812 3026 3087 3149 3402 3405 3629 3690 3719 3892 3904 3947 3984 4056 4105 4158 4213 4326 4512 4680 4698 4897 5023 5081 5204 5248 5275 5468 5627 5629 5721 5791 5794 5863 5917 5981 6036 6179 6245 6283 6331 6478 6780 6811 6834 6923 6945 7023 7035 7264 7298 7412 7421 7589 7653 7843 8076 8213 8239 8275 8314 8394 8479 8642 8741 8762 8901 8960 9165 9350 9357 9368 9548 9562 9642 9856


Expected Output:
746 983 1049 1093 1178 1274 1492 1496 1570 1579 1693 1752 1785 1987 2034 2043 2156 2176 2187 2385 2417 2458 2801 2812 3026 3087 3149 3402 3405 3629 3690 3719 3892 3904 3947 3984 4056 4105 4158 4213 4326 4512 4680 4698 4897 5023 5081 5204 5248 5275 5468 5627 5629 5721 5791 5794 5863 5917 5981 6036 6179 6245 6283 6331 6478 6780 6811 6834 6923 6945 7023 7035 7264 7298 7412 7421 7589 7653 7843 8076 8213 8239 8275 8314 8394 8479 8642 8741 8762 8901 8960 9165 9350 9357 9368 9548 9562 9642 9856Execution time: 1 ms
File size: 13 Bytes
Testcase #13: Correct

Input:
6
9 5 5 8 6 7


Your Output:
5 5 6 7 8 9


Expected Output:
5 5 6 7 8 9Execution time: 2 ms
File size: 54 Bytes
Testcase #4: Correct

Input:
16
999 123 544 233 12 433 888 9 2 2 3 3 98 1234 543 123



Your Output:
2 2 3 3 9 12 98 123 123 233 433 543 544 888 999 1234


Expected Output:
2 2 3 3 9 12 98 123 123 233 433 543 544 888 999 1234Execution time: 2 ms
File size: 6 Bytes
Testcase #5: Correct

Input:
1
1098


Your Output:
1098


Expected Output:
1098Execution time: 1 ms
File size: 11 Bytes
Testcase #6: Wrong

Input:
20
1000000 98 56 3 988 677 334 09 34 2345 15544 56666 88788 999 1022 1022 0 0 1 1


Your Output:
invalid ID


Expected Output:
0 0 1 1 3 9 34 56 98 334 677 988 999 1022 1022 2345 15544 56666 88788 1000000Execution time: 1 ms
File size: 34 Bytes
Testcase #7: Correct

Input:
12
34 56 23 72 87 89 12 34 4 3 78 9 



Your Output:
3 4 9 12 23 34 34 56 72 78 87 89


Expected Output:
3 4 9 12 23 34 34 56 72 78 87 89Execution time: 1 ms
File size: 21 Bytes
Testcase #8: Correct

Input:
5
10001 67 789 567 45




Your Output:
45 67 567 789 10001


Expected Output:
45 67 567 789 10001Execution time: 1 ms
File size: 11 Bytes
Testcase #9: Wrong

Input:
10
88 67 34 65 0 22 31 42 20 20


Your Output:
invalid ID


Expected Output:
0 20 20 22 31 34 42 65 67 88Execution time: 2 ms
File size: 12 Bytes
Testcase #1: Correct

Input:
5
2 6 2 9 10

Your Output:
2 2 6 9 10


Expected Output:
2 2 6 9 10Execution time: 1 ms
File size: 7 Bytes
Testcase #11: Correct

Input:
1
12345


Your Output:
12345


Expected Output:
12345Execution time: 1 ms
File size: 20 Bytes
Testcase #12: Correct

Input:
7
78 90 5 67 55 98 2


Your Output:
2 5 55 67 78 90 98


Expected Output:
2 5 55 67 78 90 98Execution time: 1 ms
File size: 14 Bytes
Testcase #2: Correct

Input:
5
5 6 90 65 90

Your Output:
5 6 65 90 90


Expected Output:
5 6 65 90 90Execution time: 1 ms
File size: 3 Bytes
Testcase #3: Correct

Input:
1
9


Your Output:
9


Expected Output:
9CORRECT : 1 10 11 12 13 2 3 4 5 7 8
WRONG   : 6 9


	Passed 11 / 13
